function colors = getColors()
 colors = [1 0 0;       % red
          0 0 1;        % blue
          0 1 0;        % green
          1 0 1 ;
          1 1 0;
          0.7647    0.5373    0.7804;
          0.6510    0.6510    0.6510;
          0.6353    0.0784    0.1843;
          1.0000    0.4118    0.1608; 
          0.0588    1.0000    1.0000
          ];
end